1582,2261 50 1602,6236 48 1540,0608 51  
1508,2228 41 1647,593 39 1795,3243 39  
1303,7028 39 1396,0494 34 1344,2486 39  
1321,3048 37 1261,3515 38 1355,5237 41  
1519,4293 31 1455,4398 30 1441,562 36  
1667,2149 40 1928,9329 39 1748,5747 41  
1522,286 57 1415,8384 47 1482,8491 46  
1650,435 57 1512,146 50 1500,3872 48  
1782,8452 44 1780,2872 46 1709,727 43  
1543,4103 48 1585,4688 47 1504,0321 47  
1550,6522 26 1400,6085 33 1353,4692 31  
1621,0524 46 1498,2364 48 1562,8578 50  
1794,7891 57 1706,7682 54 1704,3721 56  
1649,9361 54 1520,1903 48 1552,6962 48  
1527,1772 37 1658,4396 38 1550,3042 40  
1733,4873 38 1754,5272 45 1970,5553 42  
1475,1695 46 1565,3899 48 1555,1915 48  
1471,6955 47 1578,3984 45 1539,5788 48  
1386,3061 32 1633,7371 36 1397,083 35  
1694,4023 36 1887,5359 35 1742,7437 36  
1457,3697 51 1446,1815 47 1373,3319 46  
1477,4656 40 1432,1601 35 1489,7657 38  
1239,546 41 1261,3678 37 1303,8753 35  
1574,3701 31 1593,2986 31 1523,7405 34  
1438,2957 37 1539,0595 37 1379,9869 31  
