
608,0738 10 594,8412 10 669,7983 10
706,3666 10 699,3135 10 769,5035 10
520,9199 10 700,7986 10 533,984 10
552,3717 10 593,3302 10 513,0934 10
806,66 10 733,3746 10 806,6008 10
675,6512 10 854,2433 10 804,4405 10
836,7248 10 784,3198 10 843,2281 10
649,9002 10 721,6059 10 698,2187 10
780,0712 10 696,0151 10 765,2644 10
761,088 10 908,8439 10 806,0248 10
726,5846 10 720,4573 10 684,7977 10
749,0886 10 745,8422 10 703,1705 10
627,6399 10 769,2978 10 654,6388 10
598,0809 10 601,3425 10 652,095 10
665,8891 10 677,2377 10 726,9242 10
869,7569 10 697,618 10 707,5161 10
596,5353 10 667,5203 10 581,5426 10
681,7921 10 823,2907 10 558,7434 10
694,3758 10 628,4816 10 753,9011 10
610,1751 10 662,7493 10 729,322 10
632,9731 10 752,1817 10 611,8721 10
708,7428 10 635,5543 10 714,0625 10
783,9864 10 747,5442 10 604,0927 10
555,3273 10 597,9199 10 651,7476 10
802,998 10 825,9361 10 938,9519 10
773,4343 10 700,176 10 554,7784 10
574,6314 10 560,9274 10 565,5234 10
658,2698 10 863,486 10 827,127 10
738,168 10 678,8788 10 709,1594 10
775,0179 10 682,4062 10 646,5393 10
