3896,2953 188 3919,5326 193 4007,879 207 
4192,269 220 3978,6227 205 4134,6098 213 
4077,4316 203 4019,7732 207 4185,5283 213 
4017,9277 172 3963,9913 158 4118,2273 162 
3881,8477 161 3887,8537 164 3998,1586 171 
3455,3968 113 3451,9345 117 3432,9097 121 
3980,8674 157 3801,6723 147 3994,0159 146 
3371,5937 171 3227,1748 156 3498,3893 170 
3985,3786 169 3979,583 172 4096,3282 183 
4221,7716 215 4241,0023 217 4385,9949 230 
3858,4346 197 3851,1248 196 3895,6661 202 
3575,4646 118 3811,775 112 3636,2391 122 
3428,8985 145 3491,9486 146 3522,2415 154 
4448,8397 159 4308,4206 157 4337,7036 161 
3298,0906 163 3429,3289 168 3383,5743 167 
4380,1876 154 4612,3957 151 4410,5976 158 
3818,5585 188 3802,6405 194 3892,0807 204 
3619,4763 175 3607,0298 172 3598,0252 181 
3680,893 136 3672,2694 129 3818,3747 134 
3768,5167 183 3779,6604 191 3712,6553 182 
3476,6363 129 3470,1277 138 3475,6446 127 
4150,5181 143 4152,8012 144 4411,021 149 
3742,6716 148 3870,5992 150 3927,5087 148 
4378,65 154 4315,9692 157 4356,5558 156 
4051,3221 201 4090,3314 204 4132,4214 203 
4256,4052 157 4280,9831 156 4144,2994 155 
3755,1026 139 3583,7977 140 3788,0412 142 
4133,0698 217 4073,8643 212 4092,9941 213 
4291,2398 221 4301,624 226 4311,4067 228 
3808,9679 191 3723,0957 194 3743,6085 197 
